0.218
0.228
0.245
0.266
0.28
0.299
0.318
0.331
0.373
0.364
0.37
0.387
0.401
0.431
0.45
0.466
0.486
0.553
0.528
0.549
0.584
0.599
0.599
0.621
0.642
0.693
0.708
0.748
0.753
0.772
0.777
0.819
0.834
0.873
0.897
0.916
0.932
0.988
0.983
1.024
1.126
1.094
1.148
1.182
1.247
1.23
1.252
1.324
1.414
1.493
1.453
1.463
1.503
1.498
1.587
1.565
1.61
1.69
1.723
1.759
1.738
1.819
1.856
1.891
1.873
1.952
1.958
2.02
2.006
2.064
2.111
2.153
2.187
2.233
2.294
2.368
2.433
2.459
2.476
2.526
2.612
2.653
2.84
2.852
2.853
2.887
2.983
3.035
3.076
3.195
3.147
3.386
3.426
3.435
3.486
3.762
3.496
3.805
3.633
3.763
