0.013
0.013
0.014
0.012
0.013
0.013
0.013
0.013
0.013
0.013
0.013
0.013
0.014
0.013
0.013
0.013
0.014
0.013
0.014
0.014
0.013
0.013
0.013
0.013
0.013
0.014
0.013
0.013
0.013
0.013
0.013
0.013
0.013
0.013
0.013
0.013
0.013
0.013
0.013
0.013
0.013
0.013
0.014
0.014
0.013
0.013
0.014
0.013
0.013
0.012
0.013
0.013
0.013
0.013
0.013
0.013
0.014
0.013
0.013
0.012
0.013
0.013
0.013
0.011
0.012
0.013
0.013
0.013
0.012
0.012
0.013
0.013
0.014
0.012
0.013
0.013
0.013
0.013
0.013
0.012
0.014
0.014
0.014
0.013
0.019
0.013
0.013
0.013
0.013
0.013
0.014
0.016
0.013
0.011
0.015
0.013
0.015
0.013
0.013
0.013
