0.072
0.115
0.126
0.179
0.193
0.205
0.199
0.275
0.278
0.289
0.293
0.305
0.315
0.335
0.339
0.434
0.442
0.461
0.455
0.459
0.474
0.497
0.485
0.492
0.532
0.537
0.529
0.528
0.575
0.59
0.55
0.734
0.751
0.743
0.766
0.745
0.74
0.754
0.776
0.8
0.806
0.813
0.835
0.832
0.84
0.847
0.875
0.846
0.885
0.885
0.876
0.893
0.876
0.878
0.882
0.892
0.89
0.901
0.91
0.914
0.924
0.909
0.919
1.175
1.199
1.19
1.186
1.205
1.214
1.217
1.214
1.226
1.249
1.263
1.256
1.253
1.263
1.278
1.292
1.296
1.295
1.307
1.327
1.321
1.324
1.331
1.394
1.459
1.438
1.451
1.441
1.428
1.446
1.47
1.432
1.448
1.448
1.436
1.461
1.449
